the -0.009285 0.015866 0.005743 0.016745 0.000402 -0.033435 -0.001737 0.009963 0.021996 0.010539 0.023035 0.017387 0.006036 -0.009167 -0.016249 0.021455 -0.027653 -0.016323 -0.027084 -0.006389 -0.012113 0.005733 -0.006417 -0.012258 -0.024447 -0.025030 0.019749 -0.015453 -0.004798 0.001613 0.025298 -0.006881 -0.020929 0.028720 0.011832 0.001826 -0.021590 0.005117 -0.001748 -0.000004 -0.015512 0.037487 -0.002768 0.006103 -0.004078 -0.020576 -0.031082 0.030178 0.011342 0.012980
your -0.016153 0.006318 -0.002988 0.025420 0.000280 -0.012757 -0.005382 -0.006260 0.008505 0.021967 0.003935 -0.000190 0.001515 -0.007159 -0.004748 -0.020898 -0.020900 -0.018878 0.009911 -0.013814 0.013026 -0.009005 -0.004429 0.003018 0.001739 -0.022376 0.003693 0.007736 0.014770 -0.011580 0.009153 -0.012621 -0.020195 0.016292 0.025700 -0.009421 -0.006559 0.011480 -0.009594 -0.002442 -0.000454 0.021446 -0.007326 0.008484 0.013266 -0.012926 0.001351 -0.000477 -0.008465 -0.012406
on -0.011345 0.008796 0.003836 0.016039 0.002065 -0.021625 -0.005482 -0.000752 0.013218 0.016905 0.004203 -0.001666 0.008662 -0.009511 -0.006773 -0.009159 -0.015955 -0.019769 0.002784 -0.015187 -0.001935 0.001351 -0.002232 0.002743 -0.010670 -0.014336 0.005384 0.007403 0.005089 -0.015355 0.012015 -0.010916 -0.025974 0.018473 0.022171 -0.010336 -0.000348 0.013443 -0.013234 -0.007729 -0.000206 0.023563 0.001259 0.019108 0.004746 -0.016380 -0.013670 0.005435 -0.002668 -0.002535
to -0.006673 0.004284 -0.004534 -0.000103 0.008228 -0.003048 0.007460 0.012189 0.007172 -0.003746 0.007203 -0.011281 -0.006122 0.003079 0.000980 0.012119 -0.014231 -0.011232 -0.014954 -0.003301 -0.016401 -0.006299 -0.005789 -0.002892 -0.015314 0.000880 -0.002691 -0.010759 -0.000809 -0.004719 0.005746 0.006496 -0.011361 0.021891 0.001187 -0.005354 0.000593 -0.004946 0.003032 -0.007283 0.015691 -0.014210 0.014610 -0.003821 0.000268 0.004137 -0.014505 -0.010243 0.010688 -0.001882
or -0.002463 0.000601 -0.000662 0.026218 -0.000535 -0.013672 -0.010317 -0.004954 0.009285 0.014942 0.003457 -0.007643 -0.000541 -0.009923 0.000485 0.005308 -0.014688 -0.007770 0.002394 -0.004367 -0.001468 -0.011317 -0.004121 0.000246 -0.007762 -0.023663 0.021270 -0.020611 0.009976 -0.003409 0.016936 -0.008715 -0.006077 0.010110 0.014324 0.002754 -0.013302 -0.007840 -0.006335 -0.002162 0.004971 0.026039 -0.009821 -0.000924 -0.007758 0.000697 0.004414 0.005763 -0.005557 -0.015183
you -0.016047 0.012677 -0.002858 -0.005161 0.011561 -0.001565 0.000037 -0.008485 0.004448 -0.010552 -0.000096 -0.019096 -0.005002 -0.004831 0.007081 0.013164 0.006766 -0.003635 -0.011203 -0.001539 -0.007889 0.004133 0.003395 0.004165 -0.001163 -0.001707 -0.000881 -0.014644 0.007257 -0.008924 0.001579 -0.003702 -0.011064 0.012269 0.010401 -0.003864 0.013029 -0.002322 0.005053 0.006228 0.014935 -0.013603 0.017049 0.003414 -0.000775 0.005970 0.004924 -0.012807 0.009450 -0.001182
a -0.011190 0.012393 -0.010302 0.011697 -0.008982 0.005337 -0.009135 -0.008505 0.003181 0.004644 0.001863 -0.002745 -0.010866 -0.006354 0.013176 -0.005821 0.003104 -0.015917 0.005133 -0.003691 0.011718 -0.012465 0.009745 -0.007960 0.010548 0.000756 -0.002848 -0.005848 0.008748 -0.006538 -0.000888 -0.003750 -0.001203 0.001781 0.008169 -0.006388 0.000752 0.009652 -0.016821 0.004416 0.015646 0.001590 -0.001029 -0.001286 0.004656 0.000677 -0.008837 -0.015896 -0.007440 -0.018986
about -0.006606 0.014685 -0.009029 0.004392 0.002161 -0.006564 0.000373 0.008244 0.020264 0.001761 0.005270 0.018306 -0.008285 0.002256 -0.004961 0.022712 0.002490 -0.004798 -0.017413 0.000707 -0.008544 0.002318 -0.003289 -0.007342 -0.005821 -0.010650 0.015906 -0.016976 -0.013785 -0.005083 0.009739 -0.002359 0.001701 0.003291 -0.008184 0.010906 -0.017739 -0.004378 -0.000292 -0.008512 -0.005069 0.010730 -0.013364 0.009439 -0.010525 0.002555 -0.023144 0.021973 0.008314 -0.012063
of -0.006116 0.008460 0.004709 0.006332 -0.011714 -0.006155 -0.016835 -0.009924 0.007265 0.000521 0.006619 -0.004437 -0.002946 -0.000022 0.007585 0.005251 0.001487 -0.009489 -0.002310 -0.006198 0.000834 -0.002153 0.002597 -0.013923 0.013538 -0.001303 0.003946 -0.008349 0.009894 -0.004249 0.005902 -0.008243 -0.000443 0.012392 -0.007190 0.003464 -0.003920 -0.000009 -0.011900 0.006252 0.008079 0.018134 -0.003683 0.015305 0.006331 0.000485 -0.012373 0.008655 -0.001677 -0.005580
with 0.006008 -0.012499 0.000211 -0.007330 0.005297 0.005304 0.004312 0.004373 0.012044 -0.001466 0.005529 -0.005690 -0.003444 0.001581 0.003962 0.010459 -0.015879 -0.005398 0.007198 -0.001493 -0.004519 0.009864 -0.003350 -0.002978 -0.012800 -0.000128 0.004880 -0.014821 0.010407 -0.004204 0.013039 0.001750 -0.004884 0.016356 -0.002035 0.008696 0.004934 0.001038 0.007315 -0.005289 0.004786 -0.015625 0.006036 -0.009718 0.001591 0.002110 -0.000522 -0.012875 0.011860 0.006672
us 0.004325 0.003675 0.008395 -0.017541 0.013380 0.014716 -0.002708 0.008467 0.021372 -0.007564 -0.019621 -0.005767 0.007034 0.008439 0.002674 0.011032 0.011047 0.012702 -0.001735 -0.004311 -0.012440 0.013109 0.006603 -0.011120 0.009789 0.008085 0.013141 0.001750 0.002585 -0.004741 0.006171 -0.005126 -0.002294 0.005098 -0.020540 0.010940 0.002997 -0.018571 0.010726 -0.003511 0.015674 -0.017551 0.004212 -0.009257 -0.009471 0.009558 -0.012950 0.008637 0.001549 -0.015864
child 0.001706 0.006258 -0.011199 0.020419 -0.016876 -0.004612 -0.009613 -0.006701 0.011124 0.012675 -0.016689 -0.007235 0.004907 -0.009055 0.009761 -0.009451 -0.004368 -0.013236 0.015214 0.002855 0.008871 -0.017977 -0.000140 -0.002976 0.015755 -0.009961 0.008761 0.006105 0.006488 -0.003104 0.001919 0.005742 -0.006718 -0.008107 0.016014 -0.013413 -0.001196 0.009860 -0.018903 0.003887 0.001247 0.014818 -0.010277 0.002897 0.004115 -0.012168 0.008228 -0.005136 -0.001780 -0.018368
<unk> -0.006153 0.006793 -0.001556 0.008094 0.000439 -0.006506 -0.004086 -0.000195 0.011656 0.005052 0.002059 -0.002505 -0.000754 -0.003389 0.001081 0.004681 -0.007398 -0.009479 -0.002672 -0.004728 -0.002572 -0.001892 -0.000619 -0.004273 -0.002217 -0.008286 0.007526 -0.007039 0.004652 -0.005858 0.008884 -0.004027 -0.009120 0.011547 0.005987 -0.000849 -0.003529 0.001044 -0.004392 -0.001346 0.004982 0.007735 -0.000425 0.003312 0.000197 -0.002988 -0.008180 0.001934 0.002135 -0.007033
